module.exports = function() {
return {
  "currentFrameRate": 37.6945,
  "devices": [],
  "gestures": [],
  "hands": [
    {
      "armBasis": [
        [
          -0.73874,
          0.0890003,
          -0.668088
        ],
        [
          -0.0918826,
          0.96869,
          0.230645
        ],
        [
          -0.667698,
          -0.231772,
          0.707433
        ]
      ],
      "armWidth": 60.3232,
      "confidence": 0.968301,
      "direction": [
        0.612663,
        0.349428,
        -0.708903
      ],
      "elbow": [
        -199.068,
        130.128,
        268.724
      ],
      "grabStrength": 0,
      "id": 133,
      "palmNormal": [
        0.165771,
        -0.933817,
        -0.317025
      ],
      "palmPosition": [
        9.1747,
        202.861,
        54.9096
      ],
      "palmVelocity": [
        0.388075,
        4.29094,
        -4.0092
      ],
      "palmWidth": 86.1395,
      "pinchStrength": 0,
      "r": [
        [
          0.986129,
          -0.110489,
          0.123861
        ],
        [
          0.115103,
          0.992879,
          -0.030714
        ],
        [
          -0.119586,
          0.0445448,
          0.991824
        ]
      ],
      "s": 1.19441,
      "sphereCenter": [
        31.2982,
        274.781,
        37.94
      ],
      "sphereRadius": 85.2817,
      "stabilizedPalmPosition": [
        12.9443,
        205.066,
        52.9848
      ],
      "t": [
        13.8579,
        24.0926,
        -87.8603
      ],
      "timeVisible": 10.8818,
      "type": "left",
      "wrist": [
        -28.4,
        189.371,
        87.8996
      ]
    }
  ],
  "id": 318076,
  "interactionBox": {
    "center": [
      0,
      236.765,
      0
    ],
    "size": [
      278.491,
      278.491,
      174.911
    ]
  },
  "pointables": [
    {
      "bases": [
        [
          [
            -0.339678,
            0.934286,
            -0.108301
          ],
          [
            0.30868,
            0.219508,
            0.925491
          ],
          [
            -0.888446,
            -0.280938,
            0.362957
          ]
        ],
        [
          [
            0.00169939,
            0.972878,
            -0.231314
          ],
          [
            0.209297,
            0.225845,
            0.951414
          ],
          [
            -0.977851,
            0.0500302,
            0.203237
          ]
        ],
        [
          [
            0.00169939,
            0.972878,
            -0.231314
          ],
          [
            -0.00899463,
            0.23132,
            0.972836
          ],
          [
            -0.999958,
            -0.000427358,
            -0.00914378
          ]
        ],
        [
          [
            0.00169939,
            0.972878,
            -0.231314
          ],
          [
            -0.372148,
            0.215315,
            0.902854
          ],
          [
            -0.928172,
            -0.0845487,
            -0.362421
          ]
        ]
      ],
      "btipPosition": [
        91.2169,
        176.143,
        102.679
      ],
      "carpPosition": [
        -7.83425,
        176.621,
        103.959
      ],
      "dipPosition": [
        70.6523,
        174.27,
        94.6494
      ],
      "direction": [
        0.999958,
        0.000427358,
        0.00914378
      ],
      "extended": true,
      "handId": 133,
      "id": 1330,
      "length": 49.3382,
      "mcpPosition": [
        -7.83425,
        176.621,
        103.959
      ],
      "pipPosition": [
        38.3756,
        174.256,
        94.3543
      ],
      "stabilizedTipPosition": [
        87.7398,
        171.846,
        83.9388
      ],
      "timeVisible": 10.8818,
      "tipPosition": [
        86.5519,
        175.066,
        99.4138
      ],
      "tipVelocity": [
        -5.53158,
        10.5281,
        12.1123
      ],
      "tool": false,
      "touchDistance": 0.513872,
      "touchZone": "none",
      "type": 0,
      "width": 19.1705
    },
    {
      "bases": [
        [
          [
            -0.658926,
            0.134295,
            -0.740123
          ],
          [
            -0.0550975,
            0.972674,
            0.225544
          ],
          [
            -0.750187,
            -0.189396,
            0.633521
          ]
        ],
        [
          [
            -0.760259,
            0.105567,
            -0.640986
          ],
          [
            -0.189942,
            0.907465,
            0.37474
          ],
          [
            -0.621232,
            -0.406649,
            0.669856
          ]
        ],
        [
          [
            -0.760259,
            0.105567,
            -0.640986
          ],
          [
            -0.0738564,
            0.966264,
            0.246738
          ],
          [
            -0.645409,
            -0.234925,
            0.726814
          ]
        ],
        [
          [
            -0.760259,
            0.105567,
            -0.640986
          ],
          [
            0.0277886,
            0.991089,
            0.130267
          ],
          [
            -0.649026,
            -0.0812248,
            0.756418
          ]
        ]
      ],
      "btipPosition": [
        92.1849,
        234.452,
        -2.39842
      ],
      "carpPosition": [
        -10.5969,
        198.032,
        97.8352
      ],
      "dipPosition": [
        81.687,
        233.138,
        9.83648
      ],
      "direction": [
        0.645409,
        0.234925,
        -0.726813
      ],
      "extended": true,
      "handId": 133,
      "id": 1331,
      "length": 55.6726,
      "mcpPosition": [
        41.652,
        211.223,
        53.7119
      ],
      "pipPosition": [
        66.9188,
        227.762,
        26.4674
      ],
      "stabilizedTipPosition": [
        90.1824,
        232.857,
        0.858399
      ],
      "timeVisible": 10.8818,
      "tipPosition": [
        90.3782,
        234.251,
        1.23234
      ],
      "tipVelocity": [
        -0.67303,
        11.8214,
        -1.45454
      ],
      "tool": false,
      "touchDistance": -0.130581,
      "touchZone": "touching",
      "type": 1,
      "width": 18.3117
    },
    {
      "bases": [
        [
          [
            -0.735109,
            -0.0603261,
            -0.67526
          ],
          [
            -0.18216,
            0.976981,
            0.111024
          ],
          [
            -0.653018,
            -0.20462,
            0.729176
          ]
        ],
        [
          [
            -0.845143,
            -0.0978603,
            -0.525506
          ],
          [
            -0.268806,
            0.927558,
            0.259575
          ],
          [
            -0.462036,
            -0.360637,
            0.810225
          ]
        ],
        [
          [
            -0.845143,
            -0.0978603,
            -0.525506
          ],
          [
            -0.169064,
            0.981569,
            0.0891074
          ],
          [
            -0.507101,
            -0.164153,
            0.84611
          ]
        ],
        [
          [
            -0.845143,
            -0.0978603,
            -0.525506
          ],
          [
            -0.0784109,
            0.995161,
            -0.0592158
          ],
          [
            -0.528758,
            0.00884033,
            0.848726
          ]
        ]
      ],
      "btipPosition": [
        69.4066,
        235.487,
        -33.6987
      ],
      "carpPosition": [
        -17.8657,
        201.254,
        89.3106
      ],
      "dipPosition": [
        59.9999,
        235.644,
        -18.5996
      ],
      "direction": [
        0.507101,
        0.164153,
        -0.84611
      ],
      "extended": true,
      "handId": 133,
      "id": 1332,
      "length": 63.4345,
      "mcpPosition": [
        25.2654,
        214.769,
        41.1494
      ],
      "pipPosition": [
        46.3485,
        231.225,
        4.17809
      ],
      "stabilizedTipPosition": [
        67.6546,
        233.536,
        -29.9303
      ],
      "timeVisible": 10.8818,
      "tipPosition": [
        67.6836,
        235.79,
        -29.3885
      ],
      "tipVelocity": [
        -0.44107,
        11.1755,
        -3.77458
      ],
      "tool": false,
      "touchDistance": -0.156105,
      "touchZone": "touching",
      "type": 2,
      "width": 17.9845
    },
    {
      "bases": [
        [
          [
            -0.807356,
            -0.163256,
            -0.567031
          ],
          [
            -0.254939,
            0.963153,
            0.0856842
          ],
          [
            -0.532149,
            -0.213736,
            0.819228
          ]
        ],
        [
          [
            -0.875193,
            -0.19216,
            -0.443973
          ],
          [
            -0.317223,
            0.920837,
            0.226778
          ],
          [
            -0.365249,
            -0.339313,
            0.866868
          ]
        ],
        [
          [
            -0.875193,
            -0.19216,
            -0.443973
          ],
          [
            -0.259979,
            0.960765,
            0.096654
          ],
          [
            -0.407981,
            -0.200015,
            0.890812
          ]
        ],
        [
          [
            -0.875193,
            -0.19216,
            -0.443973
          ],
          [
            -0.207227,
            0.97818,
            -0.0148736
          ],
          [
            -0.437144,
            -0.0789858,
            0.895917
          ]
        ]
      ],
      "btipPosition": [
        39.4164,
        235.217,
        -43.4322
      ],
      "carpPosition": [
        -26.0213,
        201.547,
        81.0241
      ],
      "dipPosition": [
        31.6842,
        233.82,
        -27.5852
      ],
      "direction": [
        0.407981,
        0.200015,
        -0.890812
      ],
      "extended": true,
      "handId": 133,
      "id": 1333,
      "length": 60.9939,
      "mcpPosition": [
        5.53555,
        214.222,
        32.4432
      ],
      "pipPosition": [
        20.9848,
        228.574,
        -4.22341
      ],
      "stabilizedTipPosition": [
        38.2714,
        231.771,
        -40.6724
      ],
      "timeVisible": 10.8818,
      "tipPosition": [
        38.1155,
        235.518,
        -39.1688
      ],
      "tipVelocity": [
        -3.34261,
        14.9684,
        -4.80424
      ],
      "tool": false,
      "touchDistance": -0.199554,
      "touchZone": "touching",
      "type": 3,
      "width": 17.1134
    },
    {
      "bases": [
        [
          [
            -0.810224,
            -0.343778,
            -0.474714
          ],
          [
            -0.423415,
            0.903344,
            0.0684852
          ],
          [
            -0.405286,
            -0.256489,
            0.877472
          ]
        ],
        [
          [
            -0.896453,
            -0.406875,
            -0.175569
          ],
          [
            -0.439136,
            0.868787,
            0.228843
          ],
          [
            -0.0594213,
            -0.282246,
            0.9575
          ]
        ],
        [
          [
            -0.896453,
            -0.406875,
            -0.175569
          ],
          [
            -0.425573,
            0.900909,
            0.0851462
          ],
          [
            -0.123528,
            -0.151047,
            0.980778
          ]
        ],
        [
          [
            -0.896453,
            -0.406875,
            -0.175569
          ],
          [
            -0.406638,
            0.912757,
            -0.0389926
          ],
          [
            -0.176117,
            -0.0364378,
            0.983695
          ]
        ]
      ],
      "btipPosition": [
        -5.50092,
        221.948,
        -41.1689
      ],
      "carpPosition": [
        -34.8989,
        195.029,
        73.2629
      ],
      "dipPosition": [
        -8.37478,
        221.353,
        -25.117
      ],
      "direction": [
        0.123528,
        0.151047,
        -0.980778
      ],
      "extended": true,
      "handId": 133,
      "id": 1334,
      "length": 47.8181,
      "mcpPosition": [
        -12.6511,
        209.109,
        25.0948
      ],
      "pipPosition": [
        -10.662,
        218.557,
        -6.95678
      ],
      "stabilizedTipPosition": [
        -4.63293,
        219.308,
        -37.0725
      ],
      "timeVisible": 10.8818,
      "tipPosition": [
        -5.59917,
        222.429,
        -36.8027
      ],
      "tipVelocity": [
        -9.9951,
        12.5779,
        -6.84477
      ],
      "tool": false,
      "touchDistance": -0.25406,
      "touchZone": "touching",
      "type": 4,
      "width": 15.2015
    }
  ],
  "r": [
    [
      0.986129,
      -0.110489,
      0.123861
    ],
    [
      0.115103,
      0.992879,
      -0.030714
    ],
    [
      -0.119586,
      0.0445448,
      0.991824
    ]
  ],
  "s": 1.19441,
  "t": [
    13.8579,
    24.0926,
    -87.8603
  ],
  "timestamp": 19514887450
};
};
