module.exports = function() {
  return {
      "bases": [
        [
          [
            -0.339678,
            0.934286,
            -0.108301
          ],
          [
            0.30868,
            0.219508,
            0.925491
          ],
          [
            -0.888446,
            -0.280938,
            0.362957
          ]
        ],
        [
          [
            0.00169939,
            0.972878,
            -0.231314
          ],
          [
            0.209297,
            0.225845,
            0.951414
          ],
          [
            -0.977851,
            0.0500302,
            0.203237
          ]
        ],
        [
          [
            0.00169939,
            0.972878,
            -0.231314
          ],
          [
            -0.00899463,
            0.23132,
            0.972836
          ],
          [
            -0.999958,
            -0.000427358,
            -0.00914378
          ]
        ],
        [
          [
            0.00169939,
            0.972878,
            -0.231314
          ],
          [
            -0.372148,
            0.215315,
            0.902854
          ],
          [
            -0.928172,
            -0.0845487,
            -0.362421
          ]
        ]
      ],
      "btipPosition": [
        91.2169,
        176.143,
        102.679
      ],
      "carpPosition": [
        -7.83425,
        176.621,
        103.959
      ],
      "dipPosition": [
        70.6523,
        174.27,
        94.6494
      ],
      "direction": [
        0.999958,
        0.000427358,
        0.00914378
      ],
      "extended": true,
      "handId": 133,
      "id": 1330,
      "length": 49.3382,
      "mcpPosition": [
        -7.83425,
        176.621,
        103.959
      ],
      "pipPosition": [
        38.3756,
        174.256,
        94.3543
      ],
      "stabilizedTipPosition": [
        87.7398,
        171.846,
        83.9388
      ],
      "timeVisible": 10.8818,
      "tipPosition": [
        86.5519,
        175.066,
        99.4138
      ],
      "tipVelocity": [
        -5.53158,
        10.5281,
        12.1123
      ],
      "tool": false,
      "touchDistance": 0.513872,
      "touchZone": "none",
      "type": 0,
      "width": 19.1705
    };
};
